0.3 0.5
sun   0.05  4.5  ( 255 255 255 255 )
ring  0.1  0.7 ( 255 200 150 150 )
ring  0.2  1.0  ( 255 110 75 40 )
flar  0.4  0.75  ( 255 255 255 255 )
crcl  0.3  0.7 ( 255 100 120 150 )
crcl  0.35 0.7 ( 255 145 110 100 )
crcl  0.5  0.3 ( 255  50  50 150 )
crcl  0.6  0.5  ( 255  80 150  80 )
crcl  0.63 0.6  ( 255 110  75  40 )
crcl  0.65 0.35 ( 255 110  75  40 )
ring  0.67 0.7  ( 255 110  75  40 )
hxgn  0.75 0.95 ( 255  48  87 111 )
ring  0.8  0.7  ( 255  30  50  20 )
ring  0.9  1.1  ( 255  30  50  40 )

